3195400.0,
1045400.0,
1056900.0,
914100.0,
946100.0,
686900.0,
667600.0,
373201.0,
304599.0,
311200.0,
304099.0,
308000.0,
315699.0,
325901.0,
321799.0,
314500.0,
317200.0,
333100.0,
349100.0,
329299.0,
338000.0,
364399.0,
488400.0,
341299.0,
342699.0,
387200.0,
411800.0,
741701.0,
434299.0,
434400.0,
455900.0,
446501.0,
447100.0,
642900.0,
472900.0,
494100.0,
481900.0,
956000.0,
810501.0,
836600.0,
811500.0,
841400.0,
829300.0,
1015799.0,
863601.0,
903299.0,
977301.0,
918600.0,
937500.0,
1057200.0,
851300.0,
887400.0,
872599.0,
819201.0,
1072500.0,
814700.0,
952900.0,
822101.0,
895901.0,
821601.0,
1083901.0,
920600.0,
906600.0,
1345000.0,
1277300.0,
1596200.0,
1278700.0,
2113099.0,
1173700.0,
1199799.0,
1496300.0,
1183400.0,
1189499.0,
1476400.0,
1199699.0,
1228800.0,
1213400.0,
1472699.0,
1234700.0,
1393801.0,
1234700.0,
1620799.0,
1278700.0,
1256001.0,
1260101.0,
1270800.0,
1614900.0,
1286800.0,
1355800.0,
1816001.0,
1258801.0,
1280200.0,
1385901.0,
1300801.0,
1321001.0,
1296999.0,
1514099.0,
1313000.0,
1315101.0,
1317401.0,
1491299.0,
1446700.0,
1379399.0,
1414499.0,
1531700.0,
1548101.0,
1565600.0,
1685700.0,
1603600.0,
1586299.0,
1629100.0,
1568200.0,
1589401.0,
1570600.0,
1712200.0,
1613800.0,
1702499.0,
1673000.0,
1634501.0,
2191400.0,
1628899.0,
1816000.0,
1658200.0,
1836401.0,
2004300.0,
1722200.0,
1727600.0,
1820901.0,
1651200.0,
2009600.0,
1927300.0,
1900600.0,
1786800.0,
1901199.0,
1767299.0,
1770200.0,
1699599.0,
1709000.0,
1875800.0,
1829901.0,
2041501.0,
2010600.0,
1822900.0,
1622400.0,
1235400.0,
1171000.0,
1245200.0,
1295800.0,
1421199.0,
1184700.0,
1319300.0,
1225800.0,
1285901.0,
1275400.0,
1330500.0,
1172499.0,
1074700.0,
1378500.0,
1362099.0,
1227600.0,
1338899.0,
1307200.0,
1625800.0,
1364500.0,
1493399.0,
1483300.0,
6929099.0,
1478200.0,
1506800.0,
1053300.0,
1292200.0,
1556900.0,
1402700.0,
1415999.0,
2060200.0,
2043900.0,
1985400.0,
2245400.0,
2133800.0,
2103599.0,
2383000.0,
2129800.0,
1986700.0,
1989400.0,
1248000.0,
1383800.0,
1318600.0,
1641001.0,
1252100.0,
1361500.0,
1434901.0,
1451799.0,
1251199.0,
1535600.0,
1448700.0,
2271100.0,
1506000.0,
1454600.0,
1692900.0,
1327500.0,
1489300.0,
1541400.0,
1329800.0,
1426300.0,
1443300.0,
1229900.0,
1449000.0,
1473901.0,
1676400.0,
1535400.0,
1432200.0,
1608400.0,
1412400.0,
1405400.0,
1455400.0,
1450100.0,
1391499.0,
1459700.0,
1445699.0,
818701.0,
607800.0,
993400.0,
1668100.0,
1277000.0,
1788100.0,
1480801.0,
1469500.0,
1400999.0,
1597301.0,
1437701.0,
1607600.0,
1614800.0,
1622500.0,
1467999.0,
1465900.0,
1563800.0,
1866701.0,
1496500.0,
1632400.0,
1713900.0,
780900.0,
647400.0,
645600.0,
745501.0,
685500.0,
663600.0,
765200.0,
633800.0,
627500.0,
642300.0,
616300.0,
865300.0,
646100.0,
947600.0,
639400.0,
635600.0,
637300.0,
917599.0,
624100.0,
639400.0,
645299.0,
645299.0,
621600.0,
671300.0,
691500.0,
651999.0,
633801.0,
671501.0,
648800.0,
721400.0,
636900.0,
956801.0,
770500.0,
1037299.0,
655100.0,
1019800.0,
669101.0,
859101.0,
737000.0,
676800.0,
677199.0,
736200.0,
663399.0,
741200.0,
781501.0,
1001901.0,
663699.0,
709199.0,
690300.0,
693500.0,
762100.0,
808799.0,
769900.0,
687200.0,
685801.0,
773000.0,
695900.0,
690700.0,
716600.0,
752799.0,
698400.0,
705899.0,
714700.0,
888101.0,
826300.0,
708700.0,
715601.0,
840299.0,
706999.0,
1065800.0,
719300.0,
940301.0,
738700.0,
738400.0,
865401.0,
865201.0,
965200.0,
769599.0,
798800.0,
781400.0,
867501.0,
973101.0,
859900.0,
821100.0,
962400.0,
809300.0,
813899.0,
953801.0,
806299.0,
1086001.0,
832700.0,
1005000.0,
824700.0,
1009099.0,
928700.0,
901999.0,
985099.0,
986301.0,
850400.0,
901500.0,
842700.0,
828899.0,
838399.0,
896300.0,
834200.0,
836700.0,
829201.0,
871801.0,
846600.0,
967400.0,
896001.0,
888201.0,
969900.0,
871100.0,
867399.0,
897499.0,
909700.0,
1058200.0,
1043400.0,
881700.0,
890799.0,
898900.0,
930301.0,
915099.0,
884100.0,
871201.0,
886501.0,
934800.0,
974101.0,
942801.0,
921701.0,
933800.0,
925499.0,
892099.0,
904600.0,
921400.0,
970499.0,
997101.0,
2703500.0,
1169401.0,
1196499.0,
1356700.0,
1185599.0,
1209600.0,
1124900.0,
1109500.0,
1147800.0,
1178500.0,
1089899.0,
1132000.0,
1210200.0,
1319000.0,
1164001.0,
1210500.0,
1155300.0,
1099600.0,
1159100.0,
1214001.0,
1171500.0,
1157300.0,
1172099.0,
1304300.0,
1046499.0,
1290800.0,
961299.0,
998800.0,
948399.0,
1013800.0,
1006301.0,
971600.0,
948800.0,
914500.0,
1118200.0,
915001.0,
921800.0,
975700.0,
931401.0,
1122700.0,
939900.0,
938400.0,
929300.0,
932200.0,
933200.0,
1456601.0,
1824100.0,
1945601.0,
2265801.0,
1937801.0,
1991600.0,
2417001.0,
1952100.0,
2235400.0,
2572900.0,
2307999.0,
1735399.0,
2044600.0,
1994599.0,
1150600.0,
987500.0,
1153601.0,
987200.0,
1012301.0,
978001.0,
1009500.0,
1073200.0,
1017099.0,
1029299.0,
1034000.0,
994900.0,
998600.0,
997501.0,
1275500.0,
1813500.0,
1165700.0,
1007399.0,
1130999.0,
1080999.0,
1057600.0,
1120101.0,
1010700.0,
1415501.0,
1024300.0,
1063900.0,
1098499.0,
1103900.0,
1150000.0,
1154900.0,
1027001.0,
1043700.0,
1061899.0,
1336599.0,
1077101.0,
1087200.0,
1076699.0,
1646000.0,
1088300.0,
1072900.0,
1232400.0,
1155601.0,
1141700.0,
1074699.0,
1146600.0,
1184900.0,
2742400.0,
2549901.0,
2887200.0,
2779800.0,
2912600.0,
3058501.0,
2682599.0,
2764599.0,
2421699.0,
2566201.0,
1844600.0,
1105799.0,
1216100.0,
1107699.0,
1175901.0,
1098600.0,
1377100.0,
1098400.0,
1643999.0,
1626900.0,
1132800.0,
1170701.0,
1108500.0,
1361700.0,
1118200.0,
1121900.0,
1133600.0,
1177500.0,
1386000.0,
1167700.0,
1129199.0,
1127400.0,
1405200.0,
1133201.0,
1145700.0,
1177100.0,
1224201.0,
1148899.0,
1178101.0,
1269900.0,
1190300.0,
1146700.0,
1176300.0,
1194099.0,
1218701.0,
1178500.0,
1400400.0,
1261500.0,
1306100.0,
1266100.0,
1788501.0,
1180500.0,
1241200.0,
1181500.0,
1363500.0,
1194900.0,
1232799.0,
1193200.0,
1310400.0,
1201400.0,
1251200.0,
1177200.0,
1194000.0,
1356500.0,
1209200.0,
1237101.0,
1234901.0,
1358701.0,
1319399.0,
1326000.0,
1347500.0,
1236201.0,
1228900.0,
1246800.0,
1239300.0,
1238000.0,
1640299.0,
1321999.0,
1437899.0,
1232299.0,
1329500.0,
1254999.0,
1494301.0,
1264401.0,
1319899.0,
1348800.0,
1537099.0,
1275199.0,
1421400.0,
1313900.0,
1439900.0,
1256001.0,
1324201.0,
1338000.0,
1362900.0,
1363201.0,
1262200.0,
1290400.0,
1360700.0,
1290799.0,
1422000.0,
1311100.0,
1520400.0,
1535999.0,
1270700.0,
1904900.0,
1412899.0,
1403800.0,
1391200.0,
1689400.0,
1415099.0,
1398201.0,
1544900.0,
1372499.0,
1401001.0,
1375100.0,
1509501.0,
1382099.0,
1832600.0,
1565900.0,
1428400.0,
1566799.0,
1393300.0,
1435200.0,
1520800.0,
1456799.0,
1419401.0,
1570000.0,
1517900.0,
1505399.0,
1438300.0,
1763700.0,
1471700.0,
1440600.0,
1581100.0,
1609999.0,
1606200.0,
3386800.0,
1453501.0,
1387300.0,
1477400.0,
1421900.0,
1406400.0,
1363000.0,
1546699.0,
1450100.0,
1385899.0,
1448699.0,
1378100.0,
1476799.0,
1444800.0,
1851300.0,
1403101.0,
1640200.0,
1400400.0,
1451200.0,
1555500.0,
1401399.0,
1451601.0,
1417100.0,
1644299.0,
1395499.0,
1439100.0,
1506800.0,
1436900.0,
1424400.0,
1425201.0,
1431100.0,
1511099.0,
1519900.0,
1586301.0,
1528000.0,
1534399.0,
1463100.0,
1501400.0,
1481700.0,
1444000.0,
1446501.0,
1468199.0,
1660700.0,
1467901.0,
1554401.0,
1452200.0,
1496800.0,
1510800.0,
2157700.0,
1462800.0,
1526100.0,
1652601.0,
1467400.0,
1502600.0,
1463501.0,
1537800.0,
1503801.0,
1496100.0,
1603800.0,
1530601.0,
1492700.0,
1557000.0,
1505399.0,
1527700.0,
1505400.0,
1495801.0,
1600799.0,
1669900.0,
1521200.0,
1617800.0,
1511399.0,
1696500.0,
1570700.0,
1509300.0,
1646801.0,
1534500.0,
2098500.0,
1561300.0,
1620401.0,
1538200.0,
1636399.0,
1563501.0,
1587400.0,
1703999.0,
1541600.0,
1652901.0,
1745600.0,
1546801.0,
1603000.0,
1544300.0,
1570000.0,
1747600.0,
1570800.0,
1540600.0,
1565101.0,
1578100.0,
2129400.0,
3204900.0,
1700000.0,
1725501.0,
1615001.0,
1819801.0,
1680501.0,
1621700.0,
1588700.0,
1775201.0,
1591000.0,
1749900.0,
1705799.0,
2011000.0,
1600800.0,
1974701.0,
1601300.0,
1616200.0,
1678000.0,
1654500.0,
1642900.0,
1628600.0,
1616200.0,
1740700.0,
1650600.0,
1625300.0,
1676499.0,
1731500.0,
1897300.0,
1683900.0,
1728901.0,
1768100.0,
1670800.0,
1713599.0,
1745000.0,
1975199.0,
1735900.0,
2011500.0,
1760700.0,
1748700.0,
2281200.0,
1771599.0,
1755400.0,
1853501.0,
1754300.0,
1769100.0,
1815000.0,
1773199.0,
1813301.0,
1722400.0,
1777400.0,
1745600.0,
1688799.0,
1701400.0,
1775101.0,
1872000.0,
1738499.0,
1699699.0,
1761300.0,
1827099.0,
1716299.0,
1735800.0,
2129900.0,
1820900.0,
1985300.0,
1825801.0,
1797999.0,
1833600.0,
1846499.0,
1817001.0,
1850499.0,
1832601.0,
1751099.0,
1752599.0,
1832300.0,
1968701.0,
1953500.0,
1928001.0,
1820901.0,
2354800.0,
1849800.0,
2249599.0,
2165400.0,
1853499.0,
1928500.0,
1866000.0,
2055500.0,
1877700.0,
1960599.0,
1978201.0,
1898500.0,
1891301.0,
2020400.0,
1887200.0,
1959100.0,
1888599.0,
1915699.0,
1935100.0,
1883999.0,
1934800.0,
1921399.0,
1905600.0,
1886900.0,
2073699.0,
1956299.0,
1983000.0,
1900600.0,
1912000.0,
1975700.0,
1931001.0,
1929401.0,
2292999.0,
1945200.0,
2000900.0,
1934500.0,
1927200.0,
2028099.0,
2079300.0,
1935500.0,
2029600.0,
1936000.0,
1933799.0,
3974100.0,
1990400.0,
1895099.0,
2273200.0,
1846800.0,
2260300.0,
1905999.0,
1916800.0,
2114600.0,
1999899.0,
1970400.0,
1903400.0,
1948700.0,
1929100.0,
1914900.0,
2063099.0,
1884001.0,
1998299.0,
2027100.0,
2122799.0,
1946500.0,
1959500.0,
1941800.0,
2003301.0,
1944400.0,
1929600.0,
2342000.0,
2013400.0,
1985800.0,
1993400.0,
2120900.0,
2156400.0,
2966300.0,
2112300.0,
1902400.0,
1919499.0,
2402800.0,
1956100.0,
1928499.0,
2407399.0,
1928300.0,
2071800.0,
2022199.0,
1994200.0,
1929400.0,
2092901.0,
1986899.0,
1951200.0,
2095301.0,
2100800.0,
2027900.0,
2145700.0,
1965800.0,
2371500.0,
2104401.0,
1986399.0,
1964300.0,
2238299.0,
2054799.0,
2154100.0,
2018601.0,
2371499.0,
2021600.0,
2087600.0,
2128700.0,
2011000.0,
2195399.0,
1986100.0,
1988700.0,
1995599.0,
2088500.0,
2110100.0,
2099000.0,
2180500.0,
2044401.0,
2004200.0,
2265500.0,
2067299.0,
2097500.0,
2048300.0,
2025800.0,
2081401.0,
2123999.0,
2509400.0,
2049400.0,
2282301.0,
2071600.0,
2101300.0,
2119700.0,
2051899.0,
2354200.0,
2050400.0,
2166401.0,
2041500.0,
2101400.0,
2099899.0,
2119400.0,
2063600.0,
2161201.0,
2055300.0,
2168100.0,
2147400.0,
2096300.0,
2070200.0,
2181500.0,
2073301.0,
2131800.0,
2213801.0,
2213200.0,
2535700.0,
2090000.0,
2099400.0,
2239099.0,
2155601.0,
2100100.0,
2082500.0,
2323600.0,
2105500.0,
2098999.0,
2384999.0,
2106100.0,
2143501.0,
2103100.0,
2124500.0,
2633801.0,
2146799.0,
2115001.0,
2149400.0,
2214000.0,
2143600.0,
2225801.0,
2155201.0,
2499700.0,
2128800.0,
2139199.0,
2149900.0,
2416001.0,
2178700.0,
2164800.0,
2254100.0,
2257000.0,
2296999.0,
2312700.0,
2161300.0,
2211801.0,
2201600.0,
2175700.0,
2221800.0,
2995099.0,
2670301.0,
2168399.0,
2174100.0,
2391099.0,
2288201.0,
2453399.0,
2189400.0,
2617500.0,
2192199.0,
2244401.0,
2500700.0,
2328500.0,
2199900.0,
